{
 "cells": [
  {
   "cell_type": "markdown",
   "metadata": {},
   "source": [
    "Jacobi method for `symmetric eigen value proble`, below is the computational implementaton of the Jacobi algorithm for solving for the eigen values of the `symmetric` matrix, I shall make use of the python packages like `numpy` and some others if I find it useful, hey I don't know yet dont judge me, let's see."
   ]
  },
  {
   "cell_type": "markdown",
   "metadata": {},
   "source": [
    "`Importing libraries`\n"
   ]
  },
  {
   "cell_type": "code",
   "execution_count": 1,
   "metadata": {},
   "outputs": [],
   "source": [
    "import numpy as np "
   ]
  },
  {
   "cell_type": "markdown",
   "metadata": {},
   "source": [
    "This is the function that is responsible for `rotations` if you know the `Jacobi` algorithm then you know it should have rotation matrix say `R` in every say `i-th` iteration, \n",
    "\n",
    "this `jacobi_rotation` function will then calculates the `rotation matrix  R` for the largest off-diagonal element"
   ]
  },
  {
   "cell_type": "code",
   "execution_count": 4,
   "metadata": {},
   "outputs": [],
   "source": [
    "def jacobi_rotation(A, i, j):\n",
    "    if A[i, i] == A[j, j]:\n",
    "        theta = np.pi / 4\n",
    "    else:\n",
    "        theta = 0.5 * np.arctan(2 * A[i, j] / (A[i, i] - A[j, j]))\n",
    "    \n",
    "    c = np.cos(theta)\n",
    "    s = np.sin(theta)\n",
    "    #this is just building the rotation matrix as we know it right, this is useful when doing the similar transformations\n",
    "    R = np.identity(len(A))\n",
    "    R[i, i] = c\n",
    "    R[j, j] = c\n",
    "    R[i, j] = s\n",
    "    R[j, i] = -1*s\n",
    "    \n",
    "    return R"
   ]
  },
  {
   "cell_type": "markdown",
   "metadata": {},
   "source": [
    "Now we're ready to define the `Jacobi method` algorithm, this will be responsible to then perform the iterations, see the function below.\n",
    "\n",
    "this function takes in the matrix, and there's also the `maximum iterations`, and the `tolerance` which is free to be changed and set to anything"
   ]
  },
  {
   "cell_type": "code",
   "execution_count": 5,
   "metadata": {},
   "outputs": [],
   "source": [
    "def jacobi_method(A, tol=1e-200000, max_iterations=430):\n",
    "    n = len(A)\n",
    "    eigenvectors = np.identity(n)\n",
    "    \n",
    "    for it in range(max_iterations):\n",
    "        # Find the largest off-diagonal element\n",
    "        off_diagonal = np.tril(A, -1)\n",
    "        i, j = np.unravel_index(np.argmax(np.abs(off_diagonal)), A.shape)\n",
    "        \n",
    "        # Stop if the off-diagonal elements are below the tolerance\n",
    "        #stop when the off-diagonal elements are zero.\n",
    "        if np.abs(A[i, j]) ==0:\n",
    "            break\n",
    "        \n",
    "        # Compute the rotation matrix\n",
    "        R = jacobi_rotation(A, i, j)\n",
    "        \n",
    "        # Update the matrix A\n",
    "        #A = R.T @ A @ R #@ is just for matrix maltiplications, I was recently released, so basically to multiply the matrices say A and B, in numpy you do np.dot(A,B) the short hand for this which is more efficient, this is just shorthand and should not be intimidating\n",
    "        print(f\"{it} : \\n {A}\")\n",
    "\n",
    "        B=np.dot(R.T,A)\n",
    "        A=np.dot(B,R)\n",
    "        # Update the eigenvectors\n",
    "        eigenvectors = eigenvectors @ R\n",
    "    \n",
    "    eigenvalues = np.diag(A)\n",
    "    return eigenvalues, eigenvectors\n"
   ]
  },
  {
   "cell_type": "markdown",
   "metadata": {},
   "source": [
    "That's it, we can now go ahead and test our function, below is the code that reads in a\n",
    "\n",
    "`symmetric n×n` and then goes ahead and calculate the eigenvalues and then eigenvects of the matrix."
   ]
  },
  {
   "cell_type": "code",
   "execution_count": 6,
   "metadata": {},
   "outputs": [
    {
     "name": "stdout",
     "output_type": "stream",
     "text": [
      "0 : \n",
      " [[1 3 4]\n",
      " [3 2 8]\n",
      " [4 8 3]]\n",
      "1 : \n",
      " [[ 1.          4.92527227  0.86121604]\n",
      " [ 4.92527227 10.45323148  0.99805258]\n",
      " [ 0.86121604  0.99805258 -5.45323148]]\n",
      "2 : \n",
      " [[ 6.00749901  6.82057973  1.18363228]\n",
      " [ 6.82057973  5.44573247  0.58035905]\n",
      " [ 1.18363228  0.58035905 -5.45323148]]\n",
      "3 : \n",
      " [[-1.07663025  0.56129078  0.45215556]\n",
      " [ 0.56129078 12.52986173  1.23828808]\n",
      " [ 0.45215556  1.23828808 -5.45323148]]\n",
      "4 : \n",
      " [[-1.07663025  0.52906123  0.48947544]\n",
      " [ 0.52906123 12.27685044  2.45341972]\n",
      " [ 0.48947544  2.45341972 -5.20022019]]\n",
      "5 : \n",
      " [[-1.07663025  0.45733565  0.55707817]\n",
      " [ 0.45733565 11.2883738   4.72417805]\n",
      " [ 0.55707817  4.72417805 -4.21174356]]\n",
      "6 : \n",
      " [[-1.07663025  0.28972869  0.65996157]\n",
      " [ 0.28972869  7.69695714  8.06764924]\n",
      " [ 0.65996157  8.06764924 -0.6203269 ]]\n",
      "7 : \n",
      " [[-1.07663025 -0.09611304  0.71432085]\n",
      " [-0.09611304 -1.72727409  7.39289104]\n",
      " [ 0.71432085  7.39289104  8.80390434]]\n",
      "8 : \n",
      " [[-1.07663025  0.24185749  0.67896756]\n",
      " [ 0.24185749  6.50517098  8.57782222]\n",
      " [ 0.67896756  8.57782222  0.57145926]]\n",
      "9 : \n",
      " [[-1.07663025 -0.19689917  0.69334169]\n",
      " [-0.19689917 -3.59851332  5.6077578 ]\n",
      " [ 0.69334169  5.6077578  10.67514356]]\n",
      "10 : \n",
      " [[-1.07663025  0.04055333  0.71961616]\n",
      " [ 0.04055333  1.39128047  8.81881568]\n",
      " [ 0.71961616  8.81881568  5.68534977]]\n",
      "11 : \n",
      " [[-1.07663025  0.4764939   0.54078235]\n",
      " [ 0.4764939  11.59896138  4.17219962]\n",
      " [ 0.54078235  4.17219962 -4.52233114]]\n",
      "12 : \n",
      " [[-1.07663025  0.33504794  0.63814956]\n",
      " [ 0.33504794  8.77901648  7.41055444]\n",
      " [ 0.63814956  7.41055444 -1.70238624]]\n",
      "13 : \n",
      " [[-1.07663025e+00  4.21042933e-03  7.20745628e-01]\n",
      " [ 4.21042933e-03  5.13842000e-01  8.55767668e+00]\n",
      " [ 7.20745628e-01  8.55767668e+00  6.56278825e+00]]\n",
      "14 : \n",
      " [[-1.07663025  0.41959465  0.58603099]\n",
      " [ 0.41959465 10.59907739  5.70323627]\n",
      " [ 0.58603099  5.70323627 -3.52244714]]\n",
      "15 : \n",
      " [[-1.07663025  0.20033469  0.69235684]\n",
      " [ 0.20033469  5.4473799   8.87337249]\n",
      " [ 0.69235684  8.87337249  1.62925034]]\n",
      "16 : \n",
      " [[-1.07663025 -0.27920271  0.66448313]\n",
      " [-0.27920271 -4.73502077  3.73271763]\n",
      " [ 0.66448313  3.73271763 11.81165102]]\n",
      "17 : \n",
      " [[-1.07663025 -0.1331945   0.70834399]\n",
      " [-0.1331945  -2.46790205  6.80489699]\n",
      " [ 0.70834399  6.80489699  9.54453229]]\n",
      "18 : \n",
      " [[-1.07663025  0.1699003   0.70044691]\n",
      " [ 0.1699003   4.66563036  9.00613281]\n",
      " [ 0.70044691  9.00613281  2.41099988]]\n",
      "19 : \n",
      " [[-1.07663025 -0.33613304  0.63757867]\n",
      " [-0.33613304 -5.25806633  2.23717256]\n",
      " [ 0.63757867  2.23717256 12.33469658]]\n",
      "20 : \n",
      " [[-1.07663025 -0.25434131  0.67439046]\n",
      " [-0.25434131 -4.43525195  4.33629979]\n",
      " [ 0.67439046  4.33629979 11.5118822 ]]\n",
      "21 : \n",
      " [[-1.07663025 -0.08026908  0.71627429]\n",
      " [-0.08026908 -1.39472147  7.61881997]\n",
      " [ 0.71627429  7.61881997  8.47135172]]\n",
      "22 : \n",
      " [[-1.07663025  0.27168764  0.66759105]\n",
      " [ 0.27168764  7.25251022  8.28166786]\n",
      " [ 0.66759105  8.28166786 -0.17587998]]\n",
      "23 : \n",
      " [[-1.07663025 -0.13477923  0.70804417]\n",
      " [-0.13477923 -2.49829637  6.77794877]\n",
      " [ 0.70804417  6.77794877  9.57492661]]\n",
      "24 : \n",
      " [[-1.07663025  0.16676384  0.70120026]\n",
      " [ 0.16676384  4.58497436  9.01586226]\n",
      " [ 0.70120026  9.01586226  2.49165589]]\n",
      "25 : \n",
      " [[-1.07663025 -0.34182633  0.63454452]\n",
      " [-0.34182633 -5.29670364  2.07935355]\n",
      " [ 0.63454452  2.07935355 12.37333389]]\n",
      "26 : \n",
      " [[-1.07663025 -0.26637255  0.66972954]\n",
      " [-0.26637255 -4.5853619   4.04810318]\n",
      " [ 0.66972954  4.04810318 11.66199215]]\n",
      "27 : \n",
      " [[-1.07663025 -0.10585702  0.71294199]\n",
      " [-0.10585702 -1.92716893  7.24636128]\n",
      " [ 0.71294199  7.24636128  9.00379918]]\n",
      "28 : \n",
      " [[-1.07663025  0.22322855  0.68531817]\n",
      " [ 0.22322855  6.03249829  8.72698792]\n",
      " [ 0.68531817  8.72698792  1.04413195]]\n",
      "29 : \n",
      " [[-1.07663025 -0.23445395  0.68155949]\n",
      " [-0.23445395 -4.16730279  4.79632363]\n",
      " [ 0.68155949  4.79632363 11.24393304]]\n",
      "30 : \n",
      " [[-1.07663025 -0.0381365   0.71974829]\n",
      " [-0.0381365  -0.46897589  8.14388645]\n",
      " [ 0.71974829  8.14388645  7.54560614]]\n",
      "31 : \n",
      " [[-1.07663025  0.34796572  0.63119874]\n",
      " [ 0.34796572  9.07624148  7.19115008]\n",
      " [ 0.63119874  7.19115008 -1.99961124]]\n",
      "32 : \n",
      " [[-1.07663025  0.03353706  0.71997726]\n",
      " [ 0.03353706  1.21977676  8.77528618]\n",
      " [ 0.71997726  8.77528618  5.85685348]]\n",
      "33 : \n",
      " [[-1.07663025  0.46586148  0.54996824]\n",
      " [ 0.46586148 11.43020256  4.48323325]\n",
      " [ 0.54996824  4.48323325 -4.35357232]]\n",
      "34 : \n",
      " [[-1.07663025  0.30991819  0.65072475]\n",
      " [ 0.30991819  8.18580178  7.79628986]\n",
      " [ 0.65072475  7.79628986 -1.10917153]]\n",
      "35 : \n",
      " [[-1.07663025 -0.05194909  0.71888336]\n",
      " [-0.05194909 -0.77869917  7.98402501]\n",
      " [ 0.71888336  7.98402501  7.85532941]]\n",
      "36 : \n",
      " [[-1.07663025  0.32347478  0.6440932 ]\n",
      " [ 0.32347478  8.50812472  7.59488382]\n",
      " [ 0.6440932   7.59488382 -1.43149448]]\n",
      "37 : \n",
      " [[-1.07663025 -0.02180694  0.72042796]\n",
      " [-0.02180694 -0.0956374   8.31719044]\n",
      " [ 0.72042796  8.31719044  7.17226764]]\n",
      "38 : \n",
      " [[-1.07663025  0.37622447  0.61477405]\n",
      " [ 0.37622447  9.70485334  6.65996052]\n",
      " [ 0.61477405  6.65996052 -2.6282231 ]]\n",
      "39 : \n",
      " [[-1.07663025  0.09861505  0.71397973]\n",
      " [ 0.09861505  2.84102637  9.04958873]\n",
      " [ 0.71397973  9.04958873  4.23560387]]\n",
      "40 : \n",
      " [[-1.07663025  0.55744002  0.45689453]\n",
      " [ 0.55744002 12.50759044  1.39045604]\n",
      " [ 0.45689453  1.39045604 -5.4309602 ]]\n",
      "41 : \n",
      " [[-1.07663025  0.520692    0.49836917]\n",
      " [ 0.520692   12.18870755  2.74808636]\n",
      " [ 0.49836917  2.74808636 -5.1120773 ]]\n",
      "42 : \n",
      " [[-1.07663025  0.43819839  0.57225358]\n",
      " [ 0.43819839 10.95063897  5.23819844]\n",
      " [ 0.57225358  5.23819844 -3.87400873]]\n",
      "43 : \n",
      " [[-1.07663025  0.24436811  0.678068  ]\n",
      " [ 0.24436811  6.56856758  8.55563194]\n",
      " [ 0.678068    8.55563194  0.50806267]]\n",
      "44 : \n",
      " [[-1.07663025 -0.1917629   0.69477981]\n",
      " [-0.1917629  -3.51473655  5.71276902]\n",
      " [ 0.69477981  5.71276902 10.59136679]]\n",
      "45 : \n",
      " [[-1.07663025  0.05119924  0.71893715]\n",
      " [ 0.05119924  1.65323029  8.87849779]\n",
      " [ 0.71893715  8.87849779  5.42339996]]\n",
      "46 : \n",
      " [[-1.07663025  0.49229061  0.52644272]\n",
      " [ 0.49229061 11.83169935  3.68795957]\n",
      " [ 0.52644272  3.68795957 -4.75506911]]\n",
      "47 : \n",
      " [[-1.07663025  0.37221885  0.61720751]\n",
      " [ 0.37221885  9.61771873  6.73959342]\n",
      " [ 0.61720751  6.73959342 -2.54108849]]\n",
      "48 : \n",
      " [[-1.07663025  0.08932137  0.71520185]\n",
      " [ 0.08932137  2.60590146  9.02839258]\n",
      " [ 0.71520185  9.02839258  4.47072878]]\n",
      "49 : \n",
      " [[-1.07663025  0.54536859  0.47123783]\n",
      " [ 0.54536859 12.4231554   1.85496117]\n",
      " [ 0.47123783  1.85496117 -5.34652516]]\n",
      "50 : \n",
      " [[-1.07663025  0.4940733   0.52477001]\n",
      " [ 0.4940733  11.856525    3.63161841]\n",
      " [ 0.52477001  3.63161841 -4.77989475]]\n",
      "51 : \n",
      " [[-1.07663025  0.37639698  0.61466845]\n",
      " [ 0.37639698  9.70859021  6.65649856]\n",
      " [ 0.61466845  6.65649856 -2.63195997]]\n",
      "52 : \n",
      " [[-1.07663025  0.09901575  0.71392427]\n",
      " [ 0.09901575  2.8511848   9.05036572]\n",
      " [ 0.71392427  9.05036572  4.22544545]]\n",
      "53 : \n",
      " [[-1.07663025  0.55795252  0.45626853]\n",
      " [ 0.55795252 12.51068936  1.37031687]\n",
      " [ 0.45626853  1.37031687 -5.43405911]]\n",
      "54 : \n",
      " [[-1.07663025  0.52180951  0.49719898]\n",
      " [ 0.52180951 12.20095901  2.70921919]\n",
      " [ 0.49719898  2.70921919 -5.12432877]]\n",
      "55 : \n",
      " [[-1.07663025  0.44076334  0.57028034]\n",
      " [ 0.44076334 10.99737771  5.1714266 ]\n",
      " [ 0.57028034  5.1714266  -3.92074747]]\n",
      "56 : \n",
      " [[-1.07663025  0.25044712  0.6758463 ]\n",
      " [ 0.25044712  6.72172718  8.49983267]\n",
      " [ 0.6758463   8.49983267  0.35490307]]\n",
      "57 : \n",
      " [[-1.07663025 -0.17925461  0.69811158]\n",
      " [-0.17925461 -3.30503203  5.96237096]\n",
      " [ 0.69811158  5.96237096 10.38166228]]\n",
      "58 : \n",
      " [[-1.07663025  0.07698445  0.71663476]\n",
      " [ 0.07698445  2.29536451  8.99090327]\n",
      " [ 0.71663476  8.99090327  4.78126574]]\n",
      "59 : \n",
      " [[-1.07663025  0.52880733  0.48974972]\n",
      " [ 0.52880733 12.27430122  2.4624814 ]\n",
      " [ 0.48974972  2.4624814  -5.19767098]]\n",
      "60 : \n",
      " [[-1.07663025  0.45675764  0.55755219]\n",
      " [ 0.45675764 11.27855796  4.74024352]\n",
      " [ 0.55755219  4.74024352 -4.20192771]]\n",
      "61 : \n",
      " [[-1.07663025  0.28835914  0.66056112]\n",
      " [ 0.28835914  7.66345263  8.08483199]\n",
      " [ 0.66056112  8.08483199 -0.58682238]]\n",
      "62 : \n",
      " [[-1.07663025 -0.09907558  0.71391597]\n",
      " [-0.09907558 -1.7884313   7.34894825]\n",
      " [ 0.71391597  7.34894825  8.86506154]]\n",
      "63 : \n",
      " [[-1.07663025  0.23621581  0.68095087]\n",
      " [ 0.23621581  6.36242788  8.62587125]\n",
      " [ 0.68095087  8.62587125  0.71420237]]\n",
      "64 : \n",
      " [[-1.07663025 -0.20837691  0.68997902]\n",
      " [-0.20837691 -3.78066035  5.36785486]\n",
      " [ 0.68997902  5.36785486 10.8572906 ]]\n",
      "65 : \n",
      " [[-1.07663025  0.01665263  0.72056553]\n",
      " [ 0.01665263  0.81107728  8.65698802]\n",
      " [ 0.72056553  8.65698802  6.26555296]]\n",
      "66 : \n",
      " [[-1.07663025  0.4395758   0.57119621]\n",
      " [ 0.4395758  10.97579262  5.20242215]\n",
      " [ 0.57119621  5.20242215 -3.89916237]]\n",
      "67 : \n",
      " [[-1.07663025  0.24763247  0.67688267]\n",
      " [ 0.24763247  6.65087469  8.52603312]\n",
      " [ 0.67688267  8.52603312  0.42575556]]\n",
      "68 : \n",
      " [[-1.07663025 -0.18505863  0.6965955 ]\n",
      " [-0.18505863 -3.40332753  5.84763756]\n",
      " [ 0.6965955   5.84763756 10.47995778]]\n",
      "69 : \n",
      " [[-1.07663025  0.06504541  0.71781689]\n",
      " [ 0.06504541  1.99678785  8.94454926]\n",
      " [ 0.71781689  8.94454926  5.0798424 ]]\n",
      "70 : \n",
      " [[-1.07663025  0.51221282  0.50707989]\n",
      " [ 0.51221282 12.09110547  3.03826348]\n",
      " [ 0.50707989  3.03826348 -5.01447523]]\n",
      "71 : \n",
      " [[-1.07663025  0.41864947  0.58670658]\n",
      " [ 0.41864947 10.5806544   5.72596937]\n",
      " [ 0.58670658  5.72596937 -3.50402415]]\n",
      "72 : \n",
      " [[-1.07663025  0.19810161  0.69299909]\n",
      " [ 0.19810161  5.39012792  8.88549701]\n",
      " [ 0.69299909  8.88549701  1.68650232]]\n",
      "73 : \n",
      " [[-1.07663025 -0.28348125  0.66266912]\n",
      " [-0.28348125 -4.78246632  3.62572254]\n",
      " [ 0.66266912  3.62572254 11.85909657]]\n",
      "74 : \n",
      " [[-1.07663025 -0.14231753  0.70656755]\n",
      " [-0.14231753 -2.64138843  6.64774637]\n",
      " [ 0.70656755  6.64774637  9.71801867]]\n",
      "75 : \n",
      " [[-1.07663025  0.15178076  0.70459534]\n",
      " [ 0.15178076  4.19978744  9.05227718]\n",
      " [ 0.70459534  9.05227718  2.8768428 ]]\n",
      "76 : \n",
      " [[-1.07663025 -0.36855864  0.61940013]\n",
      " [-0.36855864 -5.44168381  1.31942673]\n",
      " [ 0.61940013  1.31942673 12.51831406]]\n",
      "77 : \n",
      " [[-1.07663025 -0.32243784  0.64461293]\n",
      " [-0.32243784 -5.15449077  2.61082237]\n",
      " [ 0.64461293  2.61082237 12.23112102]]\n",
      "78 : \n",
      " [[-1.07663025 -0.22530618  0.68463794]\n",
      " [-0.22530618 -4.03609594  5.00095639]\n",
      " [ 0.68463794  5.00095639 11.11272619]]\n",
      "79 : \n",
      " [[-1.07663025 -0.01884829  0.72051144]\n",
      " [-0.01884829 -0.02720566  8.34675562]\n",
      " [ 0.72051144  8.34675562  7.1038359 ]]\n",
      "80 : \n",
      " [[-1.07663025  0.38126093  0.61166338]\n",
      " [ 0.38126093  9.8134144   6.55777377]\n",
      " [ 0.61166338  6.55777377 -2.73678416]]\n",
      "81 : \n",
      " [[-1.07663025  0.1103292   0.71226361]\n",
      " [ 0.1103292   3.13864998  9.06760914]\n",
      " [ 0.71226361  9.06760914  3.93798027]]\n",
      "82 : \n",
      " [[-1.07663025  0.57214661  0.43833804]\n",
      " [ 0.57214661 12.57953062  0.79855499]\n",
      " [ 0.43833804  0.79855499 -5.50290038]]\n",
      "83 : \n",
      " [[-1.07663025  0.55229016  0.46310643]\n",
      " [ 0.55229016 12.47421196  1.59091658]\n",
      " [ 0.46310643  1.59091658 -5.39758171]]\n",
      "84 : \n",
      " [[-1.07663025  0.50940372  0.50990179]\n",
      " [ 0.50940372 12.05701508  3.13257382]\n",
      " [ 0.50990179  3.13257382 -4.98038484]]\n",
      "85 : \n",
      " [[-1.07663025  0.41214167  0.59129623]\n",
      " [ 0.41214167 10.45241569  5.88017696]\n",
      " [ 0.59129623  5.88017696 -3.37578544]]\n",
      "86 : \n",
      " [[-1.07663025  0.18274093  0.6972071 ]\n",
      " [ 0.18274093  4.99575277  8.95863512]\n",
      " [ 0.6972071   8.95863512  2.08087748]]\n",
      "87 : \n",
      " [[-1.07663025 -0.3124816   0.64949768]\n",
      " [-0.3124816  -5.07004385  2.8770512 ]\n",
      " [ 0.64949768  2.8770512  12.14667409]]\n",
      "88 : \n",
      " [[-1.07663025 -0.2041342   0.69124613]\n",
      " [-0.2041342  -3.71415593  5.45737403]\n",
      " [ 0.69124613  5.45737403 10.79078618]]\n",
      "89 : \n",
      " [[-1.07663025  0.02550458  0.72030654]\n",
      " [ 0.02550458  1.02461221  8.72138552]\n",
      " [ 0.72030654  8.72138552  6.05201803]]\n",
      "90 : \n",
      " [[-1.07663025  0.45347799  0.5602229 ]\n",
      " [ 0.45347799 11.22239311  4.83075701]\n",
      " [ 0.5602229   4.83075701 -4.14576286]]\n",
      "91 : \n",
      " [[-1.07663025  0.28058689  0.66389983]\n",
      " [ 0.28058689  7.4725612   8.17942391]\n",
      " [ 0.66389983  8.17942391 -0.39593096]]\n",
      "92 : \n",
      " [[-1.07663025 -0.11580425  0.71139396]\n",
      " [-0.11580425 -2.12743465  7.09087775]\n",
      " [ 0.71139396  7.09087775  9.2040649 ]]\n",
      "93 : \n",
      " [[-1.07663025  0.20399985  0.6912858 ]\n",
      " [ 0.20399985  5.54129     8.85264703]\n",
      " [ 0.6912858   8.85264703  1.53534024]]\n",
      "94 : \n",
      " [[-1.07663025 -0.27214655  0.66740411]\n",
      " [-0.27214655 -4.65406807  3.90718893]\n",
      " [ 0.66740411  3.90718893 11.73069832]]\n",
      "95 : \n",
      " [[-1.07663025 -0.11815501  0.7110073 ]\n",
      " [-0.11815501 -2.17418592  7.05326872]\n",
      " [ 0.7110073   7.05326872  9.25081617]]\n",
      "96 : \n",
      " [[-1.07663025  0.19942556  0.69261925]\n",
      " [ 0.19942556  5.42407461  8.87835452]\n",
      " [ 0.69261925  8.87835452  1.65255564]]\n",
      "97 : \n",
      " [[-1.07663025 -0.28094647  0.66374774]\n",
      " [-0.28094647 -4.75450853  3.68921991]\n",
      " [ 0.66374774  3.68921991 11.83113878]]\n",
      "98 : \n",
      " [[-1.07663025 -0.13691243  0.70763477]\n",
      " [-0.13691243 -2.53903971  6.74144095]\n",
      " [ 0.70763477  6.74144095  9.61566995]]\n",
      "99 : \n",
      " [[-1.07663025  0.16253444  0.70219267]\n",
      " [ 0.16253444  4.47621698  9.02782409]\n",
      " [ 0.70219267  9.02782409  2.60041327]]\n",
      "100 : \n",
      " [[-1.07663025 -0.34945058  0.63037789]\n",
      " [-0.34945058 -5.34426333  1.86576199]\n",
      " [ 0.63037789  1.86576199 12.42089357]]\n",
      "101 : \n",
      " [[-1.07663025 -0.28244042  0.66311341]\n",
      " [-0.28244042 -4.77103952  3.65183422]\n",
      " [ 0.66311341  3.65183422 11.84766977]]\n",
      "102 : \n",
      " [[-1.07663025 -0.14009801  0.70701099]\n",
      " [-0.14009801 -2.59951522  6.68642703]\n",
      " [ 0.70701099  6.68642703  9.67614547]]\n",
      "103 : \n",
      " [[-1.07663025  0.156203    0.70362818]\n",
      " [ 0.156203    4.31343909  9.04325442]\n",
      " [ 0.70362818  9.04325442  2.76319115]]\n",
      "104 : \n",
      " [[-1.07663025 -0.3607494   0.62398066]\n",
      " [-0.3607494  -5.4057067   1.54458451]\n",
      " [ 0.62398066  1.54458451 12.48233695]]\n",
      "105 : \n",
      " [[-1.07663025 -0.30614366  0.65250904]\n",
      " [-0.30614366 -5.01239622  3.04410961]\n",
      " [ 0.65250904  3.04410961 12.08902646]]\n",
      "106 : \n",
      " [[-1.07663025 -0.19063702  0.69508957]\n",
      " [-0.19063702 -3.49618882  5.73559256]\n",
      " [ 0.69508957  5.73559256 10.57281907]]\n",
      "107 : \n",
      " [[-1.07663025  0.0535285   0.71876748]\n",
      " [ 0.0535285   1.71080635  8.89052751]\n",
      " [ 0.71876748  8.89052751  5.36582389]]\n",
      "108 : \n",
      " [[-1.07663025  0.49569185  0.52324141]\n",
      " [ 0.49569185 11.8788009   3.58016267]\n",
      " [ 0.52324141  3.58016267 -4.80217066]]\n",
      "109 : \n",
      " [[-1.07663025  0.38018696  0.6123315 ]\n",
      " [ 0.38018696  9.79035985  6.57975717]\n",
      " [ 0.6123315   6.57975717 -2.71372961]]\n",
      "110 : \n",
      " [[-1.07663025  0.10782868  0.71264645]\n",
      " [ 0.10782868  3.07501081  9.06458035]\n",
      " [ 0.71264645  9.06458035  4.00161943]]\n",
      "111 : \n",
      " [[-1.07663025  0.56905566  0.44234336]\n",
      " [ 0.56905566 12.56742922  0.92540066]\n",
      " [ 0.44234336  0.92540066 -5.49079897]]\n",
      "112 : \n",
      " [[-1.07663025  0.54573445  0.47081407]\n",
      " [ 0.54573445 12.42602633  1.8411565 ]\n",
      " [ 0.47081407  1.8411565  -5.34939608]]\n",
      "113 : \n",
      " [[-1.07663025  0.49488792  0.52400185]\n",
      " [ 0.49488792 11.86776813  3.60575655]\n",
      " [ 0.52400185  3.60575655 -4.79113789]]\n",
      "114 : \n",
      " [[-1.07663025  0.37830491  0.61349603]\n",
      " [ 0.37830491  9.74983381  6.61802866]\n",
      " [ 0.61349603  6.61802866 -2.67320356]]\n",
      "115 : \n",
      " [[-1.07663025  0.10345008  0.71329522]\n",
      " [ 0.10345008  2.96371157  9.05820614]\n",
      " [ 0.71329522  9.05820614  4.11291867]]\n",
      "116 : \n",
      " [[-1.07663025  0.56357972  0.44929932]\n",
      " [ 0.56357972 12.54197459  1.14690188]\n",
      " [ 0.44929932  1.14690188 -5.46534435]]\n",
      "117 : \n",
      " [[-1.07663025  0.53400528  0.4840768 ]\n",
      " [ 0.53400528 12.32488118  2.27541746]\n",
      " [ 0.4840768   2.27541746 -5.24825094]]\n",
      "118 : \n",
      " [[-1.07663025  0.46855661  0.5476739 ]\n",
      " [ 0.46855661 11.47385318  4.40550832]\n",
      " [ 0.5476739   4.40550832 -4.39722293]]\n",
      "119 : \n",
      " [[-1.07663025  0.31629421  0.64764956]\n",
      " [ 0.31629421  8.33803744  7.70350138]\n",
      " [ 0.64764956  7.70350138 -1.26140719]]\n",
      "120 : \n",
      " [[-1.07663025 -0.03781899  0.71976504]\n",
      " [-0.03781899 -0.46178935  8.14741873]\n",
      " [ 0.71976504  8.14741873  7.5384196 ]]\n",
      "121 : \n",
      " [[-1.07663025  0.34852246  0.6308915 ]\n",
      " [ 0.34852246  9.0889217   7.18136717]\n",
      " [ 0.6308915   7.18136717 -2.01229145]]\n",
      "122 : \n",
      " [[-1.07663025  0.03480742  0.71991696]\n",
      " [ 0.03480742  1.25075927  8.78341369]\n",
      " [ 0.71991696  8.78341369  5.82587098]]\n",
      "123 : \n",
      " [[-1.07663025  0.46779943  0.54832079]\n",
      " [ 0.46779943 11.46164854  4.42742084]\n",
      " [ 0.54832079  4.42742084 -4.3850183 ]]\n",
      "124 : \n",
      " [[-1.07663025  0.31450327  0.64852115]\n",
      " [ 0.31450327  8.29538806  7.72991105]\n",
      " [ 0.64852115  7.72991105 -1.21875781]]\n",
      "125 : \n",
      " [[-1.07663025 -0.04179645  0.71954503]\n",
      " [-0.04179645 -0.55160268  8.10270573]\n",
      " [ 0.71954503  8.10270573  7.62823293]]\n",
      "126 : \n",
      " [[-1.07663025  0.34152759  0.63470536]\n",
      " [ 0.34152759  8.92881619  7.30231237]\n",
      " [ 0.63470536  7.30231237 -1.85218594]]\n",
      "127 : \n",
      " [[-1.07663025  0.01888464  0.72051048]\n",
      " [ 0.01888464  0.8647628   8.6737181 ]\n",
      " [ 0.72051048  8.6737181   6.21186744]]\n",
      "128 : \n",
      " [[-1.07663025  0.44310613  0.56846191]\n",
      " [ 0.44310613 11.03968222  5.10986882]\n",
      " [ 0.56846191  5.10986882 -3.96305198]]\n",
      "129 : \n",
      " [[-1.07663025  0.25600037  0.67376242]\n",
      " [ 0.25600037  6.86118617  8.44628888]\n",
      " [ 0.67376242  8.44628888  0.21544408]]\n",
      "130 : \n",
      " [[-1.07663025 -0.16774082  0.70096719]\n",
      " [-0.16774082 -3.10509408  6.18436593]\n",
      " [ 0.70096719  6.18436593 10.18172433]]\n",
      "131 : \n",
      " [[-1.07663025  0.10052829  0.71371286]\n",
      " [ 0.10052829  2.88954516  9.05319641]\n",
      " [ 0.71371286  9.05319641  4.18708509]]\n",
      "132 : \n",
      " [[-1.07663025  0.55988111  0.45389991]\n",
      " [ 0.55988111 12.5219814   1.29422099]\n",
      " [ 0.45389991  1.29422099 -5.44535116]]\n",
      "133 : \n",
      " [[-1.07663025  0.52600484  0.49275845]\n",
      " [ 0.52600484 12.24563753  2.56199223]\n",
      " [ 0.49275845  2.56199223 -5.16900729]]\n",
      "134 : \n",
      " [[-1.07663025  0.45036666  0.56272716]\n",
      " [ 0.45036666 11.16838458  4.91561877]\n",
      " [ 0.56272716  4.91561877 -4.09175433]]\n",
      "135 : \n",
      " [[-1.07663025  0.27321202  0.66696865]\n",
      " [ 0.27321202  7.29030978  8.26461154]\n",
      " [ 0.66696865  8.26461154 -0.21367953]]\n",
      "136 : \n",
      " [[-1.07663025 -0.13154282  0.70865258]\n",
      " [-0.13154282 -2.4361091   6.83282686]\n",
      " [ 0.70865258  6.83282686  9.51273935]]\n",
      "137 : \n",
      " [[-1.07663025  0.17316427  0.69964714]\n",
      " [ 0.17316427  4.74956217  8.9952292 ]\n",
      " [ 0.69964714  8.9952292   2.32706808]]\n",
      "138 : \n",
      " [[-1.07663025 -0.3301731   0.64068534]\n",
      " [-0.3301731  -5.21481582  2.40082621]\n",
      " [ 0.64068534  2.40082621 12.29144606]]\n",
      "139 : \n",
      " [[-1.07663025 -0.24172044  0.67901636]\n",
      " [-0.24172044 -4.26799966  4.63062817]\n",
      " [ 0.67901636  4.63062817 11.34462991]]\n",
      "140 : \n",
      " [[-1.07663025 -0.05350246  0.71876942]\n",
      " [-0.05350246 -0.81316542  7.96529252]\n",
      " [ 0.71876942  7.96529252  7.88979566]]\n",
      "141 : \n",
      " [[-1.07663025  0.32068802  0.64548523]\n",
      " [ 0.32068802  8.44229023  7.63755824]\n",
      " [ 0.64548523  7.63755824 -1.36565998]]\n",
      "142 : \n",
      " [[-1.07663025 -0.02803338  0.72021255]\n",
      " [-0.02803338 -0.23887364  8.25312746]\n",
      " [ 0.72021255  8.25312746  7.31550389]]\n",
      "143 : \n",
      " [[-1.07663025  0.36554066  0.62118598]\n",
      " [ 0.36554066  9.47094066  6.86915002]\n",
      " [ 0.62118598  6.86915002 -2.39431041]]\n",
      "144 : \n",
      " [[-1.07663025  0.07387466  0.71696201]\n",
      " [ 0.07387466  2.2173994   8.97978003]\n",
      " [ 0.71696201  8.97978003  4.85923085]]\n",
      "145 : \n",
      " [[-1.07663025  0.52453799  0.49431962]\n",
      " [ 0.52453799 12.23025472  2.613705  ]\n",
      " [ 0.49431962  2.613705   -5.15362447]]\n",
      "146 : \n",
      " [[-1.07663025  0.44701374  0.56539429]\n",
      " [ 0.44701374 11.10940761  5.00597906]\n",
      " [ 0.56539429  5.00597906 -4.03277736]]\n",
      "147 : \n",
      " [[-1.07663025  0.26526367  0.67016951]\n",
      " [ 0.26526367  7.09276071  8.35147797]\n",
      " [ 0.67016951  8.35147797 -0.01613046]]\n",
      "148 : \n",
      " [[-1.07663025 -0.14835363  0.70532488]\n",
      " [-0.14835363 -2.75415997  6.54110273]\n",
      " [ 0.70532488  6.54110273  9.83079022]]\n",
      "149 : \n",
      " [[-1.07663025  0.13971013  0.70708774]\n",
      " [ 0.13971013  3.88986173  9.06960213]\n",
      " [ 0.70708774  9.06960213  3.18676851]]\n",
      "150 : \n",
      " [[-1.07663025 -0.38952323  0.60643519]\n",
      " [-0.38952323 -5.51086546  0.70256564]\n",
      " [ 0.60643519  0.70256564 12.58749571]]\n",
      "151 : \n",
      " [[-1.07663025 -0.36574257  0.62106711]\n",
      " [-0.36574257 -5.42933249  1.40091544]\n",
      " [ 0.62106711  1.40091544 12.50596273]]\n",
      "152 : \n",
      " [[-1.07663025 -0.31657112  0.64751426]\n",
      " [-0.31657112 -5.1056439   2.76825579]\n",
      " [ 0.64751426  2.76825579 12.18227415]]\n",
      "153 : \n",
      " [[-1.07663025 -0.2128358   0.68861667]\n",
      " [-0.2128358  -3.84949211  5.27271961]\n",
      " [ 0.68861667  5.27271961 10.92612236]]\n",
      "154 : \n",
      " [[-1.07663025e+00  7.32923570e-03  7.20720660e-01]\n",
      " [ 7.32923570e-03  5.88016969e-01  8.58353124e+00]\n",
      " [ 7.20720660e-01  8.58353124e+00  6.48861328e+00]]\n",
      "155 : \n",
      " [[-1.07663025  0.42465069  0.58237769]\n",
      " [ 0.42465069 10.69673238  5.58017295]\n",
      " [ 0.58237769  5.58017295 -3.62010213]]\n",
      "156 : \n",
      " [[-1.07663025  0.21228813  0.6887857 ]\n",
      " [ 0.21228813  5.75335404  8.80198105]\n",
      " [ 0.6887857   8.80198105  1.32327621]]\n",
      "157 : \n",
      " [[-1.07663025 -0.25603688  0.67374855]\n",
      " [-0.25603688 -4.45696619  4.29613134]\n",
      " [ 0.67374855  4.29613134 11.53359644]]\n",
      "158 : \n",
      " [[-1.07663025 -0.08387151  0.71586141]\n",
      " [-0.08387151 -1.47112861  7.56880051]\n",
      " [ 0.71586141  7.56880051  8.54775886]]\n",
      "159 : \n",
      " [[-1.07663025  0.26495691  0.67029085]\n",
      " [ 0.26495691  7.08511446  8.35472813]\n",
      " [ 0.67029085  8.35472813 -0.00848422]]\n",
      "160 : \n",
      " [[-1.07663025 -0.14899921  0.70518879]\n",
      " [-0.14899921 -2.76612457  6.5295718 ]\n",
      " [ 0.70518879  6.5295718   9.84275482]]\n",
      "161 : \n",
      " [[-1.07663025  0.1384154   0.70734233]\n",
      " [ 0.1384154   3.85665102  9.07082852]\n",
      " [ 0.70734233  9.07082852  3.21997923]]\n",
      "162 : \n",
      " [[-1.07663025 -0.39174108  0.60500488]\n",
      " [-0.39174108 -5.51576768  0.63628009]\n",
      " [ 0.60500488  0.63628009 12.59239793]]\n",
      "163 : \n",
      " [[-1.07663025 -0.37028081  0.61837215]\n",
      " [-0.37028081 -5.44888782  1.2694294 ]\n",
      " [ 0.61837215  1.2694294  12.52551807]]\n",
      "164 : \n",
      " [[-1.07663025 -0.32602035  0.64280846]\n",
      " [-0.32602035 -5.18301215  2.513905  ]\n",
      " [ 0.64280846  2.513905   12.2596424 ]]\n",
      "165 : \n",
      " [[-1.07663025 -0.23291262  0.68208775]\n",
      " [-0.23291262 -4.14553898  4.83111311]\n",
      " [ 0.68208775  4.83111311 11.22216922]]\n",
      "166 : \n",
      " [[-1.07663025 -0.03488199  0.71991335]\n",
      " [-0.03488199 -0.39517281  8.17978853]\n",
      " [ 0.71991335  8.17978853  7.47180306]]\n",
      "167 : \n",
      " [[-1.07663025  0.35365896  0.62802653]\n",
      " [ 0.35365896  9.20537927  7.08982734]\n",
      " [ 0.62802653  7.08982734 -2.12874903]]\n",
      "168 : \n",
      " [[-1.07663025  0.04655151  0.71925305]\n",
      " [ 0.04655151  1.53862249  8.85338902]\n",
      " [ 0.71925305  8.85338902  5.53800776]]\n",
      "169 : \n",
      " [[-1.07663025  0.48544458  0.53276219]\n",
      " [ 0.48544458 11.73359324  3.90111322]\n",
      " [ 0.53276219  3.90111322 -4.656963  ]]\n",
      "170 : \n",
      " [[-1.07663025  0.3561395   0.62662321]\n",
      " [ 0.3561395   9.26126986  7.04478934]\n",
      " [ 0.62662321  7.04478934 -2.18463961]]\n",
      "171 : \n",
      " [[-1.07663025  0.05223805  0.71886242]\n",
      " [ 0.05223805  1.67889703  8.88390861]\n",
      " [ 0.71886242  8.88390861  5.39773321]]\n",
      "172 : \n",
      " [[-1.07663025  0.49380998  0.5250178 ]\n",
      " [ 0.49380998 11.85287715  3.63996237]\n",
      " [ 0.5250178   3.63996237 -4.7762469 ]]\n",
      "173 : \n",
      " [[-1.07663025  0.37578008  0.61504579]\n",
      " [ 0.37578008  9.69522066  6.66886662]\n",
      " [ 0.61504579  6.66886662 -2.61859041]]\n",
      "174 : \n",
      " [[-1.07663025  0.09758297  0.71412152]\n",
      " [ 0.09758297  2.81486892  9.04753521]\n",
      " [ 0.71412152  9.04753521  4.26176132]]\n",
      "175 : \n",
      " [[-1.07663025  0.55611691  0.45850406]\n",
      " [ 0.55611691 12.49940157  1.44228896]\n",
      " [ 0.45850406  1.44228896 -5.42277132]]\n",
      "176 : \n",
      " [[-1.07663025  0.51780196  0.50137124]\n",
      " [ 0.51780196 12.15635347  2.84792605]\n",
      " [ 0.50137124  2.84792605 -5.07972323]]\n",
      "177 : \n",
      " [[-1.07663025  0.4315522   0.57728215]\n",
      " [ 0.4315522  10.82752776  5.40820182]\n",
      " [ 0.57728215  5.40820182 -3.75089751]]\n",
      "178 : \n",
      " [[-1.07663025  0.22862298  0.6835375 ]\n",
      " [ 0.22862298  6.16974833  8.68658892]\n",
      " [ 0.6835375   8.68658892  0.90688191]]\n",
      "179 : \n",
      " [[-1.07663025 -0.22368168  0.68517041]\n",
      " [-0.22368168 -4.01228757  5.03683102]\n",
      " [ 0.68517041  5.03683102 11.08891782]]\n",
      "180 : \n",
      " [[-1.07663025 -0.01543017  0.72059274]\n",
      " [-0.01543017  0.05214329  8.38020726]\n",
      " [ 0.72059274  8.38020726  7.02448695]]\n",
      "181 : \n",
      " [[-1.07663025  0.38704683  0.6080187 ]\n",
      " [ 0.38704683  9.93671078  6.43753064]\n",
      " [ 0.6080187   6.43753064 -2.86008054]]\n",
      "182 : \n",
      " [[-1.07663025  0.1238237   0.71004203]\n",
      " [ 0.1238237   3.48297016  9.07624398]\n",
      " [ 0.71004203  9.07624398  3.59366008]]\n",
      "183 : \n",
      " [[-1.07663025  0.58836556  0.41631473]\n",
      " [ 0.58836556 12.61405289  0.11068786]\n",
      " [ 0.41631473  0.11068786 -5.53742264]]\n",
      "184 : \n",
      " [[-1.00109914  1.17240844  0.42067599]\n",
      " [ 1.17240844 12.53852178  0.09274411]\n",
      " [ 0.42067599  0.09274411 -5.53742264]]\n",
      "185 : \n",
      " [[-0.70174524  2.31042575  0.42707283]\n",
      " [ 2.31042575 12.23916788  0.05637862]\n",
      " [ 0.42707283  0.05637862 -5.53742264]]\n",
      "186 : \n",
      " [[ 0.45202208  4.35174571  0.43042956]\n",
      " [ 4.35174571 11.08540056 -0.01732477]\n",
      " [ 0.43042956 -0.01732477 -5.53742264]]\n",
      "187 : \n",
      " [[ 4.41082113  6.73505824  0.39953658]\n",
      " [ 6.73505824  7.12660151 -0.16105986]\n",
      " [ 0.39953658 -0.16105986 -5.53742264]]\n",
      "188 : \n",
      " [[12.10254938  2.66221162  0.20716157]\n",
      " [ 2.66221162 -0.56512673 -0.37769543]\n",
      " [ 0.20716157 -0.37769543 -5.53742264]]\n",
      "189 : \n",
      " [[10.5761849   4.90846951  0.27772242]\n",
      " [ 4.90846951  0.96123774 -0.32930232]\n",
      " [ 0.27772242 -0.32930232 -5.53742264]]\n",
      "190 : \n",
      " [[ 5.62588922  6.8690958   0.38362425]\n",
      " [ 6.8690958   5.91153342 -0.19596477]\n",
      " [ 0.38362425 -0.19596477 -5.53742264]]\n",
      "191 : \n",
      " [[12.63335391  0.28558248  0.13694804]\n",
      " [ 0.28558248 -1.09593127 -0.40842991]\n",
      " [ 0.13694804 -0.40842991 -5.53742264]]\n",
      "192 : \n",
      " [[12.63335391  0.29683946  0.11044659]\n",
      " [ 0.29683946 -1.20644047 -0.80338557]\n",
      " [ 0.11044659 -0.80338557 -5.42691344]]\n",
      "193 : \n",
      " [[12.63335391  0.31192083  0.05493186]\n",
      " [ 0.31192083 -1.63036885 -1.50162957]\n",
      " [ 0.05493186 -1.50162957 -5.00298506]]\n",
      "194 : \n",
      " [[12.63335391  0.31105437 -0.05964304]\n",
      " [ 0.31105437 -3.0559392  -2.24288703]\n",
      " [-0.05964304 -2.24288703 -3.5774147 ]]\n",
      "195 : \n",
      " [[12.63335391  0.19263656 -0.2514026 ]\n",
      " [ 0.19263656 -5.51445213 -0.51798713]\n",
      " [-0.2514026  -0.51798713 -1.11890178]]\n",
      "196 : \n",
      " [[12.63335391  0.22037823 -0.22747649]\n",
      " [ 0.22037823 -5.33701437 -1.00834673]\n",
      " [-0.22747649 -1.00834673 -1.29633954]]\n",
      "197 : \n",
      " [[12.63335391  0.26668464 -0.17085497]\n",
      " [ 0.26668464 -4.67407795 -1.8044359 ]\n",
      " [-0.17085497 -1.8044359  -1.95927596]]\n",
      "198 : \n",
      " [[12.63335391  0.31491436 -0.03377962]\n",
      " [ 0.31491436 -2.69069968 -2.16948815]\n",
      " [-0.03377962 -2.16948815 -3.94265422]]\n",
      "199 : \n",
      " [[12.63335391  0.23135173 -0.21630648]\n",
      " [ 0.23135173 -5.22759246 -1.20288333]\n",
      " [-0.21630648 -1.20288333 -1.40576144]]\n",
      "200 : \n",
      " [[12.63335391  0.28224984 -0.14369115]\n",
      " [ 0.28224984 -4.29306221 -2.03597599]\n",
      " [-0.14369115 -2.03597599 -2.3402917 ]]\n",
      "201 : \n",
      " [[12.63335391  0.31541271  0.02875652]\n",
      " [ 0.31541271 -1.90308889 -1.76076551]\n",
      " [ 0.02875652 -1.76076551 -4.73026501]]\n",
      "202 : \n",
      " [[12.63335391  0.29683464 -0.11045955]\n",
      " [ 0.29683464 -3.80474961 -2.20461141]\n",
      " [-0.11045955 -2.20461141 -2.8286043 ]]\n",
      "203 : \n",
      " [[12.63335391  0.30062134  0.09969414]\n",
      " [ 0.30062134 -1.26968244 -0.95306865]\n",
      " [ 0.09969414 -0.95306865 -5.36367147]]\n",
      "204 : \n",
      " [[12.63335391  0.31506371  0.03235698]\n",
      " [ 0.31506371 -1.86324082 -1.72801904]\n",
      " [ 0.03235698 -1.72801904 -4.77011308]]\n",
      "205 : \n",
      " [[12.63335391  0.29928016 -0.10365086]\n",
      " [ 0.29928016 -3.70355758 -2.22460104]\n",
      " [-0.10365086 -2.22460104 -2.92979633]]\n",
      "206 : \n",
      " [[12.63335391  0.29575473  0.11331925]\n",
      " [ 0.29575473 -1.19126027 -0.76231905]\n",
      " [ 0.11331925 -0.76231905 -5.44209363]]\n",
      "207 : \n",
      " [[12.63335391  0.31079712  0.06096938]\n",
      " [ 0.31079712 -1.57341732 -1.43512099]\n",
      " [ 0.06096938 -1.43512099 -5.05993658]]\n",
      "208 : \n",
      " [[12.63335391  0.31313291 -0.04753836]\n",
      " [ 0.31313291 -2.8829367  -2.21594129]\n",
      " [-0.04753836 -2.21594129 -3.7504172 ]]\n",
      "209 : \n",
      " [[12.63335391  0.21153694 -0.23572067]\n",
      " [ 0.21153694 -5.40803329 -0.85132549]\n",
      " [-0.23572067 -0.85132549 -1.22532062]]\n",
      "210 : \n",
      " [[12.63335391  0.25287737 -0.19069649]\n",
      " [ 0.25287737 -4.93272199 -1.57699868]\n",
      " [-0.19069649 -1.57699868 -1.70063192]]\n",
      "211 : \n",
      " [[12.63335391  0.30611338 -0.08128168]\n",
      " [ 0.30611338 -3.3718927  -2.25731646]\n",
      " [-0.08128168 -2.25731646 -3.26146121]]\n",
      "212 : \n",
